x = [ 
    0.9226
    1.0201
    0.7724
    0.9437
    0.9826
    0.6579
    0.8686
    1.0566
    0.6480
    0.7876
    0.8691
    0.6577
    0.9544
    0.7933
    0.5149
    0.6525
    0.7769
    0.5770
    0.6339
    0.6638
    0.5950
    0.1966
    0.1823
    0.1208
    0.0145
   -0.0394
    0.2105
    0.1734
    0.2854
    0.1505
   -0.1071
   -0.0503
   -0.2081
   -0.0087
   -0.3531
   -0.0732
   -0.0743
   -0.1377
   -0.3708
   -0.2741
   -0.3566
   -0.5698
   -0.2190
   -0.3079
   -0.5321
   -0.1933
   -0.5957
   -0.5445
   -0.4930
   -0.5818
   -0.6011
   -0.3418
   -0.5973
   -0.4168
   -0.5177
   -0.4195
   -0.1708
   -0.5055
   -0.5905
   -0.1130
   -0.1993
   -0.2528
   -0.2181
   -0.3947
    0.0870
   -0.1956
   -0.0246
   -0.1014
   -0.2539
    0.0563
    0.0805
   -0.0078
   -0.0650
    0.3769
    0.0241
    0.2021
    0.4794
    0.6174
    0.4673
    0.6053
    0.6215
    0.6235
    0.6695
    0.8445
    0.6790
    0.6454
    0.8144
    0.7305
    0.6058
    0.7859
    0.8649
    0.8110
    0.8325
    1.0265
    0.9269
    0.9232
    0.7319
    0.8199
    0.9224
    1.0190
];

y = [
    0.4175
    0.6216
    0.6535
    0.2948
    0.7858
    0.4495
    0.9110
    0.7803
    0.6559
    0.6229
    0.7874
    1.0913
    0.7673
    0.9477
    0.8750
    0.9234
    0.9074
    1.2557
    0.9730
    1.2595
    1.0555
    1.3080
    1.2415
    1.1403
    1.4153
    1.4072
    1.4612
    0.9825
    1.2888
    0.9547
    0.9830
    0.9582
    1.0599
    0.9641
    0.9821
    0.8953
    0.9225
    0.8951
    0.9575
    0.9816
    0.6708
    0.9037
    0.7960
    0.7812
    0.4001
    0.2814
    0.4926
    0.4761
    0.1186
    0.0479
    0.2361
    0.2808
    0.2199
   -0.2040
    0.0566
    0.0838
   -0.1997
   -0.4464
   -0.4152
   -0.2219
   -0.6172
   -0.4723
   -0.4589
   -0.2936
   -0.7046
   -0.7862
   -0.5532
   -0.8506
   -0.4380
   -0.8269
   -0.6654
   -0.5739
   -0.5771
   -0.7535
   -0.6196
   -0.5405
   -0.5416
   -0.8752
   -0.6951
   -0.5587
   -0.8326
   -0.5314
   -0.6385
   -0.5527
   -0.6787
   -0.7281
   -0.5799
   -0.2260
   -0.4022
   -0.4531
   -0.1543
   -0.0957
   -0.4151
    0.0719
    0.0901
   -0.0866
    0.1471
    0.0228
    0.4022
    0.1410
];
