clear all;
I = imread('1697649095251.jpg');
imshow(I, []);
ginput %press enter to quit

ans =

   1.0e+03 *[

    1.7372    1.8910
    0.9242    1.5426
    0.8520    0.3322
    1.7321    0.3167
    2.0573    1.8885
    2.0908    0.3322
    2.8600    0.3838
    2.7722    1.5220]
    
[0 2 2 ; 0 16 2 ; 0 16 16 ; 0 2 16; 2 0 2; 2 0 16; 16 0 16; 16 0 2]